10,121
10,101
10,7
10,277
10,11
10,159
10,167
10,295
10,3
11,21
11,23
9,5
9,2
9,3
115,4
115,3
8,14
8,11
8,6
8,16
8,18
115,2
115,1
115,0
114,3
114,2
114,1
114,0
113,4
113,3
113,2
113,1
113,0
112,4
112,3
112,2
112,1
112,0
103,3
103,1
12,3
12,2
12,1
11,29
11,28
11,27
11,26
11,25
11,24
11,22
11,20
11,19
11,18
11,17
11,16
11,15
11,14
11,13
11,12
11,11
11,10
11,9
11,8
11,7
11,6
11,4
11,3
11,2
11,1
10,308
10,306
10,305
10,302
10,298
10,294
10,280
10,274
10,273
10,261
10,258
10,250
10,244
20,2
20,1
10,238
10,226
20,3
10,219
10,214
10,208
10,206
10,203
10,201
19,2
19,1
10,199
10,197
19,3
